-1.819146052002906799e-02
-4.316371865570545197e-03
-2.548742666840553284e-02
-2.254416048526763916e-02
-2.648654393851757050e-02
1.003977879881858826e-01
-1.071001216769218445e-02
-3.277849406003952026e-02
-2.346110902726650238e-02
-1.365137007087469101e-02
3.863163292407989502e-02
-3.304589481558650732e-04
2.302875556051731110e-02
3.032344020903110504e-02
3.363892063498497009e-02
-5.484146066009998322e-03
1.155761182308197021e-01
3.373162075877189636e-02
-5.980384722352027893e-02
-7.469216361641883850e-03
-1.396172959357500076e-02
2.412888035178184509e-02
-7.623177766799926758e-02
1.953664235770702362e-02
1.185367442667484283e-02
-3.800043091177940369e-02
2.333737723529338837e-02
1.111199557781219482e-01
1.038382109254598618e-02
1.220897305756807327e-02
-8.588992804288864136e-02
-2.931549958884716034e-02
3.635833412408828735e-02
2.287293039262294769e-02
8.505756035447120667e-03
-4.532577097415924072e-02
2.471101656556129456e-02
-4.112473875284194946e-02
1.163503900170326233e-02
-1.395025849342346191e-02
2.641230821609497070e-03
-4.125453904271125793e-02
2.221260778605937958e-02
1.138008851557970047e-02
1.997844316065311432e-02
-2.063544094562530518e-02
-8.501077443361282349e-02
-3.143830969929695129e-02
-1.648823171854019165e-02
1.119878701865673065e-02
5.635136738419532776e-03
2.540623769164085388e-03
-3.849967196583747864e-02
8.123106509447097778e-02
-4.221741575747728348e-03
4.301232844591140747e-02
-3.412703052163124084e-02
-6.257847696542739868e-02
2.893111109733581543e-02
-4.129358753561973572e-02
-3.906469419598579407e-02
2.742634713649749756e-02
2.758770994842052460e-02
-5.384298972785472870e-03
3.140712901949882507e-02
2.551300078630447388e-02
2.633812651038169861e-02
-7.157063484191894531e-02
5.944104399532079697e-03
-1.941268518567085266e-02
-1.032325476408004761e-01
-1.585991308093070984e-02
9.933980181813240051e-03
5.894431099295616150e-02
-3.816223237663507462e-03
8.967601694166660309e-03
-3.311797976493835449e-02
-4.580422118306159973e-02
6.810260564088821411e-02
-2.782012335956096649e-02
-3.233426809310913086e-02
-2.704393351450562477e-03
4.199437797069549561e-03
4.909258708357810974e-02
-4.714890383183956146e-04
-1.369474455714225769e-02
-3.456539288163185120e-02
-2.456572651863098145e-02
-2.330398559570312500e-02
-9.293991141021251678e-03
7.140573114156723022e-02
-7.367575541138648987e-03
-1.340245548635721207e-02
6.825938075780868530e-02
-1.157188136130571365e-02
1.562969945371150970e-02
3.148449584841728210e-02
-3.214234858751296997e-02
1.203061081469058990e-02
-9.281127713620662689e-03
-4.631457105278968811e-02
1.193313160911202431e-03
1.397128552198410034e-01
3.179788962006568909e-02
-1.442496944218873978e-02
-2.843358367681503296e-02
1.226505264639854431e-01
-5.771046131849288940e-02
-5.348737537860870361e-02
1.051852572709321976e-02
-5.437104403972625732e-02
4.032175987958908081e-02
-4.969327524304389954e-02
-2.021427825093269348e-02
1.399042643606662750e-02
-1.569391344673931599e-03
4.321560729295015335e-03
-4.036900773644447327e-02
-6.667432375252246857e-03
-7.839526981115341187e-02
1.656747236847877502e-02
4.749820381402969360e-02
-2.252167463302612305e-02
3.898696973919868469e-03
-6.626775022596120834e-03
6.627032905817031860e-02
8.864985406398773193e-02
-4.613994434475898743e-02
2.773128077387809753e-02
6.295591592788696289e-02
4.368676338344812393e-03
-3.327179700136184692e-02
-3.721343725919723511e-02
-4.087470844388008118e-02
-4.249468911439180374e-03
1.483006490161642432e-04
4.861772991716861725e-03
-1.250518672168254852e-02
-1.322562154382467270e-02
-5.766437854617834091e-03
1.729138009250164032e-02
5.527912452816963196e-02
-2.945444174110889435e-02
4.707631841301918030e-02
8.559973537921905518e-02
-8.606840670108795166e-02
-6.270170956850051880e-02
-1.419569086283445358e-02
-4.702473804354667664e-02
-3.105798549950122833e-02
1.124414615333080292e-03
-1.662242040038108826e-02
-3.759009763598442078e-03
1.263054460287094116e-02
-2.514010481536388397e-02
-4.316554963588714600e-02
2.501338906586170197e-02
6.835361942648887634e-03
2.002522163093090057e-02
-2.423633076250553131e-02
6.422512978315353394e-02
-6.723724654875695705e-04
-2.196775749325752258e-03
-3.995366767048835754e-02
3.133257851004600525e-02
-3.262359276413917542e-02
-1.948564872145652771e-02
4.404024407267570496e-02
-2.362912520766258240e-02
1.120049357414245605e-01
7.662782818078994751e-02
-2.237213542684912682e-03
5.982011090964078903e-03
5.475030839443206787e-02
-2.106478065252304077e-02
1.295611821115016937e-02
2.099736779928207397e-02
4.615659266710281372e-02
-7.294496148824691772e-02
-3.883139789104461670e-02
-2.651979960501194000e-02
-1.967797987163066864e-02
9.853580594062805176e-02
-2.909552305936813354e-02
2.073696255683898926e-02
-3.093862533569335938e-02
7.133910804986953735e-02
3.716637147590517998e-03
1.347510982304811478e-02
-3.713532537221908569e-02
-1.621820777654647827e-02
-2.404265105724334717e-02
-1.022429540753364563e-01
-2.570530865341424942e-03
9.709507972002029419e-02
-3.363791480660438538e-02
4.514698684215545654e-02
-1.968198269605636597e-02
-8.828191086649894714e-03
4.123508930206298828e-02
-1.382380072027444839e-02
-1.672333478927612305e-02
2.637389302253723145e-02
-1.109424605965614319e-02
1.756509020924568176e-02
9.104468673467636108e-02
-1.958903670310974121e-02
2.858876064419746399e-02
-1.834734156727790833e-02
3.740245103836059570e-02
1.689824648201465607e-02
-1.070993542671203613e-01
-5.704456567764282227e-02
4.027818515896797180e-02
1.129024289548397064e-02
2.491961605846881866e-02
-1.297489460557699203e-02
-1.106694154441356659e-02
1.269372645765542984e-02
-4.853920266032218933e-02
4.742307588458061218e-03
-5.769405514001846313e-03
-1.122798584401607513e-02
-3.813320770859718323e-02
1.182906795293092728e-02
-2.316753147169947624e-03
5.860604811459779739e-03
5.873490124940872192e-02
1.906835287809371948e-02
-3.317156061530113220e-02
2.264932729303836823e-02
2.275255694985389709e-02
2.571290172636508942e-02
4.560654982924461365e-02
3.739637136459350586e-02
7.016714196652173996e-03
8.844158798456192017e-02
-4.717851802706718445e-02
-7.114639878273010254e-02
-9.596056304872035980e-03
9.917237609624862671e-02
4.726697877049446106e-02
2.790883369743824005e-02
1.988524757325649261e-02
1.175902225077152252e-02
6.323041766881942749e-02
-5.725487321615219116e-02
2.321347966790199280e-02
-2.617012895643711090e-02
-1.477790437638759613e-02
-1.717554405331611633e-02
2.702159807085990906e-02
-1.889666169881820679e-02
4.840182606130838394e-03
5.727792531251907349e-02
-5.799084529280662537e-02
-1.198639068752527237e-02
-1.291065290570259094e-02
-2.155134268105030060e-02
5.589445680379867554e-02
-4.428564105182886124e-03
-2.748571522533893585e-02
-3.335665166378021240e-02
-1.490595657378435135e-02
4.728460684418678284e-03
1.058056056499481201e-01
2.388603426516056061e-02
4.022496938705444336e-02
1.861269772052764893e-02
6.941271014511585236e-03
-8.677956461906433105e-02
1.986395381391048431e-02
-1.477357652038335800e-02
1.871930435299873352e-02
-1.396314892917871475e-02
-5.356820300221443176e-02
4.070670902729034424e-02
-1.162067614495754242e-02
2.261299826204776764e-02
7.139483839273452759e-02
-6.362058920785784721e-04
8.374805003404617310e-02
-6.057511270046234131e-02
5.713682994246482849e-02
-2.777097560465335846e-02
-6.404223851859569550e-03
3.086255677044391632e-02
7.185894250869750977e-02
2.737135393545031548e-03
-7.259930670261383057e-02
-1.925772242248058319e-02
-1.741366111673414707e-03
1.847926713526248932e-02
-3.233043104410171509e-02
9.416577965021133423e-02
3.942424058914184570e-02
2.555798180401325226e-02
-8.823829144239425659e-02
-1.732368208467960358e-02
9.637037292122840881e-03
2.043631393462419510e-03
4.926117137074470520e-02
3.405051538720726967e-03
8.434391021728515625e-02
-2.117609046399593353e-02
-2.105791494250297546e-02
-1.500026881694793701e-02
1.271933764219284058e-01
-5.913920700550079346e-02
3.785877954214811325e-03
-2.521352469921112061e-02
-9.224553592503070831e-03
2.422541752457618713e-02
-4.406846314668655396e-02
2.953472360968589783e-02
-3.315609693527221680e-02
-4.566519334912300110e-02
5.407586693763732910e-03
-3.087572008371353149e-02
-7.316380739212036133e-02
1.105992402881383896e-02
-1.035238802433013916e-02
-5.764362215995788574e-02
1.303955214098095894e-03
-1.620292477309703827e-02
2.895099669694900513e-02
5.465290695428848267e-02
-6.531713902950286865e-02
-2.995761577039957047e-03
-7.480747997760772705e-02
9.058726951479911804e-03
-3.908932581543922424e-02
1.102632191032171249e-02
1.106132101267576218e-02
1.510437857359647751e-02
-2.939641289412975311e-02
-2.827918529510498047e-02
-2.129844389855861664e-02
4.311487451195716858e-02
4.642549902200698853e-02
8.849322795867919922e-02
5.495065078139305115e-02
1.057931687682867050e-02
-3.629335202276706696e-03
5.585853476077318192e-03
-4.602512344717979431e-02
-9.342606179416179657e-03
5.865853652358055115e-02
4.273017123341560364e-02
-5.300507694482803345e-02
-1.457041501998901367e-02
1.321834884583950043e-02
-5.161071941256523132e-02
1.192707661539316177e-02
2.832867205142974854e-02
-3.930953145027160645e-02
1.638528145849704742e-02
-2.930274046957492828e-02
1.105764694511890411e-02
1.950696669518947601e-02
1.308289319276809692e-01
4.533913743216544390e-04
2.509523741900920868e-02
-1.204341650009155273e-02
1.620832458138465881e-02
6.417223066091537476e-02
1.773545518517494202e-02
-8.876320905983448029e-03
-1.030983030796051025e-01
2.122393064200878143e-02
6.075906101614236832e-03
1.864336803555488586e-02
1.644673570990562439e-02
-2.949144504964351654e-02
1.158952265977859497e-01
-1.655315421521663666e-02
-1.964550837874412537e-02
5.659584328532218933e-02
7.810243964195251465e-02
1.394650433212518692e-02
-4.284367710351943970e-02
5.051802843809127808e-03
4.589401558041572571e-02
3.894583554938435555e-03
-1.633774139918386936e-03
5.402237549424171448e-02
-1.016502007842063904e-01
1.383365690708160400e-01
-4.327347874641418457e-02
-2.321611344814300537e-02
-1.381367351859807968e-02
1.269521117210388184e-01
3.893755376338958740e-02
-1.465493813157081604e-02
9.336488693952560425e-02
-1.156331785023212433e-02
9.488072246313095093e-02
-4.256617650389671326e-02
1.979602873325347900e-02
-6.111686304211616516e-02
-6.893115490674972534e-02
2.309091016650199890e-02
-2.129266969859600067e-02
5.288074910640716553e-02
-6.528878118842840195e-03
5.683733895421028137e-02
-2.674249000847339630e-02
2.606092952191829681e-03
2.566731534898281097e-02
1.442402135580778122e-02
4.867601208388805389e-03
2.102421410381793976e-02
-6.162469089031219482e-02
-4.659311845898628235e-03
4.752317070960998535e-02
8.362606167793273926e-02
-7.594780996441841125e-03
2.179334312677383423e-02
-6.509674713015556335e-04
-1.067726965993642807e-02
-1.392292324453592300e-03
1.436893641948699951e-01
-5.935063213109970093e-02
-3.437238559126853943e-02
-3.701711073517799377e-02
7.973436266183853149e-02
-5.256277695298194885e-02
-4.238705709576606750e-02
1.469659619033336639e-02
5.988881923258304596e-03
-3.665102645754814148e-02
-1.434339117258787155e-02
-4.321982339024543762e-02
-5.355536565184593201e-02
3.414491564035415649e-02
-1.084695085883140564e-01
2.113969996571540833e-02
-5.170305259525775909e-03
2.263899194076657295e-03
3.605280816555023193e-02
8.978652209043502808e-02
-1.542144455015659332e-02
3.598004952073097229e-02
-9.835592657327651978e-02
-1.314199157059192657e-02
3.086239658296108246e-02
1.514655351638793945e-02
-6.218830123543739319e-03
-4.696827754378318787e-02
-2.045372501015663147e-02
1.019064243882894516e-02
-3.322705253958702087e-02
-1.260274834930896759e-02
-2.122214995324611664e-02
5.235988274216651917e-02
1.276505086570978165e-02
-1.691757701337337494e-02
5.592523142695426941e-02
2.308161696419119835e-03
1.656713575357571244e-04
-5.170654505491256714e-02
3.233880177140235901e-02
-6.193317845463752747e-02
2.313531376421451569e-02
-2.092970721423625946e-02
3.375368565320968628e-02
7.815842330455780029e-02
-1.255743205547332764e-01
-6.407792121171951294e-02
-7.718017697334289551e-02
-1.711857877671718597e-02
-1.181564293801784515e-02
1.378722675144672394e-02
-6.927120964974164963e-03
-4.356063902378082275e-02
-2.441909164190292358e-02
6.864885240793228149e-02
2.774249762296676636e-02
-1.620189100503921509e-02
6.236835196614265442e-02
4.214845597743988037e-02
1.554528065025806427e-02
-5.102157220244407654e-02
-4.827189072966575623e-02
2.204301953315734863e-02
-1.040882989764213562e-01
-3.337961807847023010e-02
-2.026956994086503983e-03
-7.275928743183612823e-03
3.513132780790328979e-02
3.301511704921722412e-02
-1.228405535221099854e-02
2.870825305581092834e-02
-3.441429464146494865e-03
8.170311339199542999e-03
-4.972035810351371765e-02
2.384365536272525787e-02
2.055015228688716888e-02
-4.456946626305580139e-02
-1.440007984638214111e-02
-3.759211301803588867e-02
-1.329183299094438553e-02
-2.217513695359230042e-02
-1.055246320902369916e-04
-5.946717411279678345e-02
5.983826890587806702e-02
-1.064843311905860901e-02
-2.525351569056510925e-02
6.497257947921752930e-02
-7.920973002910614014e-02
2.456052601337432861e-02
2.734261564910411835e-02
